6/1/13 9852 54946 47498.85 220999.39 26752 2165 0 0
6/2/13 17590 72536 70659.35 291658.75 28248 4723 4723 289
6/3/13 8599 81135 31547.41 323206.16 29611 1160 1160 221
6/4/13 17589 98724 106170.69 429376.85 31090 2922 2922 394
6/5/13 17433 116157 84370.07 513746.92 32620 2821 2821 279
6/6/13 13732 129889 46772.57 560519.49 33954 1872 1872 210
6/7/13 1393 131282 3307.2 563826.69 34449 66 66 11
6/8/13 19899 151181 65022.25 628848.94 35233 5013 5013 230
6/9/13 23236 174417 85115.3 713964.24 36295 5772 5772 275
6/10/13 4504 178921 17306.08 731270.32 37086 290 290 82
6/11/13 14638 193559 39973.38 771243.7 37894 1836 1836 273
6/12/13 18960 212519 53738.33 824982.03 38805 2767 2767 316
6/13/13 8782 221301 19604.96 844586.99 39442 701 701 119
6/14/13 16423 237724 38374.15 882961.14 40078 2268 2268 211
6/15/13 27276 265000 76630.06 959591.2 40702 6107 6107 319
6/16/13 23610 288610 64453.79 1024044.99 41541 4413 4413 314
6/17/13 21278 309888 45058.23 1069103.22 42564 2378 2378 530
6/18/13 14826 324714 28597.85 1097701.08 43394 1236 1236 277
6/19/13 26267 350981 60836.02 1158537.1 44223 2678 2678 607
6/20/13 28994 379975 62228.55 1220765.65 45024 2814 2814 421
6/21/13 30660 410635 65779.86 1286545.51 45815 3465 3465 408
6/22/13 31885 442520 81880.1 1368425.61 46448 5902 5902 383
6/23/13 30653 473173 80836.21 1449261.83 47203 4959 4959 279
6/24/13 26636 499809 51690.91 1500952.74 48135 1844 1844 386
6/25/13 30426 530235 56243.01 1557195.74 48915 1937 1937 343
6/26/13 32322 562557 59763.58 1616959.32 49665 2000 2000 301
6/27/13 28094 590651 55252.08 1672211.4 50355 1680 1680 223
6/28/13 30595 621246 59112.29 1731323.69 51029 2268 2268 291
6/29/13 32947 654193 76969.88 1808293.57 51505 4895 4895 296
6/30/13 27284 681477 62610.94 1870904.52 52125 3592 3592 178
7/1/13 20151 701628 36872.21 1907776.73 52722 846 846 167
7/2/13 26682 728310 49298.09 1957074.82 53310 1435 1435 219
7/3/13 25509 753819 48146.35 2005221.17 53748 1419 1419 189
7/4/13 26004 779823 64057.02 2069278.19 54073 4219 4219 257
7/5/13 25541 805364 53649.01 2122927.2 54507 2803 2803 215
7/6/13 23697 829061 54461.08 2177388.28 54843 3178 3178 172
7/7/13 23688 852749 52295.37 2229683.66 55284 2703 2703 186
7/8/13 26063 878812 61590.26 2291273.92 55971 1453 1453 321
7/9/13 30929 909741 58285.89 2349559.81 56610 1379 1379 287
7/10/13 30705 940446 54589.46 2404149.27 57194 1435 1435 223
7/11/13 29689 970135 56229.49 2460378.76 57725 1478 1478 196
7/12/13 22817 992952 40565.31 2500944.07 58133 1096 1096 118
7/13/13 30132 1023084 65591.26 2566535.33 58495 3285 3285 213
7/14/13 33545 1056629 76520.29 2643055.61 58954 3681 3681 224
7/15/13 32565 1089194 58377.04 2701432.65 59593 1382 1382 273
7/16/13 34757 1123951 61412.75 2762845.4 60129 1288 1288 251
7/17/13 35172 1159123 60645.27 2823490.66 60619 1303 1303 201
7/18/13 33222 1192345 56408.59 2879899.25 61008 1094 1094 143
7/19/13 30667 1223012 52643.81 2932543.05 61366 1389 1389 164
7/20/13 29145 1252157 61293.03 2993836.09 61652 2811 2811 169
7/21/13 34694 1286851 76105.5 3069941.58 62074 3502 3502 191
7/22/13 29778 1316629 51578.74 3121520.32 62577 1005 1005 184
7/23/13 36694 1353323 69586.3 3191106.62 63026 1390 1390 220
7/24/13 39947 1393270 74591.45 3265698.07 63466 1708 1708 211
7/25/13 35454 1428724 62995.26 3328693.33 63822 1163 1163 144
7/26/13 38767 1467491 72604.91 3401298.24 64182 2073 2073 176
7/27/13 36441 1503932 82719.26 3484017.5 64495 4259 4259 197
7/28/13 26318 1530250 54930.66 3538948.16 64884 2391 2391 137
7/29/13 39177 1569427 73525.17 3612473.33 65381 1712 1712 275
7/30/13 42032 1611459 79312.12 3691785.45 65855 1701 1701 237
7/31/13 41829 1653288 77455.5 3769240.96 66310 1692 1692 186
8/1/13 22618 1675906 36087.96 3805328.92 66644 415 415 73
8/2/13 39929 1715835 76850.08 3882179 67027 2302 2302 230
8/3/13 33492 1749327 73880.78 3956059.78 67293 3417 3417 180
8/4/13 39265 1788592 92853.07 4048912.85 67685 4547 4547 261
8/5/13 40897 1829489 79011.43 4127924.28 68242 1924 1924 276
8/6/13 42086 1871575 81608.23 4209532.51 68744 1778 1778 222
8/7/13 38381 1909956 67642.99 4277175.5 69137 1261 1261 183
8/8/13 31537 1941493 54038.73 4331214.23 69436 946 946 137
8/9/13 32262 1973755 58270.72 4389484.94 69722 1269 1269 134
8/10/13 42245 2016000 103374.87 4492859.82 69996 5567 5567 223
8/11/13 36502 2052502 84843.06 4577702.88 70368 3826 3826 234
8/12/13 34902 2087404 63964.77 4641667.65 70799 1314 1314 257
8/13/13 24995 2112399 46673.63 4688341.28 71121 787 787 111
8/14/13 42226 2154625 78504.31 4766845.59 71481 1727 1727 219
8/15/13 41647 2196272 76042.75 4842888.34 71862 1733 1733 179
8/16/13 39929 2236201 77974.52 4920862.85 72207 2085 2085 170
8/17/13 42302 2278503 100644.38 5021507.24 72471 5729 5729 217
8/18/13 30604 2309107 62118.39 5083625.63 72846 2524 2524 160
8/19/13 36734 2345841 65131.45 5148757.08 73299 1395 1395 236
8/20/13 39671 2385512 71208.6 5219965.68 73703 1491 1491 233
8/21/13 40168 2425680 72187.25 5292152.93 74080 1365 1365 176
8/22/13 29570 2455250 50731.47 5342884.41 74400 787 787 128
8/23/13 37002 2492252 69056.73 5411941.14 74713 1965 1965 157
8/24/13 36343 2528595 77721.21 5489662.35 75012 3933 3933 194
8/25/13 34845 2563440 78867.26 5568529.6 75372 3626 3626 199
8/26/13 33037 2596477 60571.79 5629101.39 75756 1098 1098 190
8/27/13 37498 2633975 67298.37 5696399.76 76123 1222 1222 188
8/28/13 30786 2664761 52087.93 5748487.69 76402 765 765 102
8/29/13 37546 2702307 64515.35 5813003.04 76669 1363 1363 141
8/30/13 35237 2737544 65061.31 5878064.35 76922 1872 1872 165
8/31/13 17864 2755408 38932.32 5916996.67 77133 3064 3064 174
9/1/13 27159 2782567 59511.81 5976508.48 77331 3273 3273 148
9/2/13 23087 2805654 46390.09 6022898.58 77609 1829 1829 121
9/3/13 35123 2840777 60574.2 6083472.77 77997 1015 1015 157
9/4/13 39926 2880703 71734.81 6155207.58 78388 1263 1263 176
9/5/13 38857 2919560 67675.05 6222882.63 78726 1354 1354 185
9/6/13 38822 2958382 68646.73 6291529.36 79010 1556 1556 155
9/7/13 37085 2995467 76879.05 6368408.4 79273 3600 3600 200
9/8/13 35808 3031275 73244.67 6441653.08 79649 3025 3025 182
9/9/13 38209 3069484 69577.82 6511230.9 80049 1060 1060 203
9/10/13 39817 3109301 68945.01 6580175.9 80350 986 986 182
9/11/13 38459 3147760 64954.7 6645130.6 80645 1046 1046 147
9/12/13 33518 3181278 55126.83 6700257.43 80910 756 756 126
9/13/13 39137 3220415 68772.63 6769030.06 81164 1375 1375 145
9/14/13 33883 3254298 67871.17 6836901.23 81370 3035 3035 153
9/15/13 34235 3288533 70936.16 6907837.39 81650 3010 3010 167
9/16/13 33425 3321958 55362.28 6963199.67 81970 781 781 149
9/17/13 40949 3362907 68372.03 7031571.7 82207 971 971 170
9/18/13 40661 3403568 68061.45 7099633.15 82480 1078 1078 152
9/19/13 41748 3445316 71029.08 7170662.22 82735 1209 1209 154
9/20/13 41809 3487125 74393.47 7245055.69 82959 1631 1631 156
9/21/13 33776 3520901 69274.72 7314330.41 83161 3096 3096 132
9/22/13 31635 3552536 62411.04 7376741.45 83412 2479 2479 136
9/23/13 37124 3589660 62160.82 7438902.27 83689 1006 1006 171
9/24/13 40697 3630357 67489.36 7506391.63 83922 1158 1158 153
9/25/13 40341 3670698 67922.94 7574314.57 84130 966 966 133
9/26/13 40204 3710902 67059.52 7641374.09 84305 973 973 117
9/27/13 39336 3750238 67437.64 7708811.73 84519 1321 1321 137
9/28/13 37071 3787309 75849.59 7784661.32 84712 3452 3452 126
9/29/13 34440 3821749 68618.62 7853279.94 84913 2718 2718 161
9/30/13 39091 3860840 64769.5 7918049.43 85236 1023 1023 140